x=[1.000000000000000
2.000000000000000
3.000000000000000
4.000000000000000
5.000000000000000
6.000000000000000
7.000000000000000
8.000000000000000
9.000000000000000
10.000000000000000];
>> y=[0.721347520444482
0.131218979245333
0.088163992705336
0.065345185286846
0.051382131942791
0.042040048144602
0.035392677048047
0.030444132513522
0.026630559828118
0.023610129684900];
>> plot(x,y)
>> hold on
x=[1.000000000000000
1.500000000000000
2.000000000000000
2.500000000000000
3.000000000000000
3.500000000000000
4.000000000000000
4.500000000000000
5.000000000000000
5.500000000000000
6.000000000000000
6.500000000000000
7.000000000000000
7.500000000000000
8.000000000000000
8.500000000000000
9.000000000000000
9.500000000000000
10.000000000000000
10.500000000000000];
>> x=[1.000000000000000
1.500000000000000
2.000000000000000
2.500000000000000
3.000000000000000
3.500000000000000
4.000000000000000
4.500000000000000
5.000000000000000
5.500000000000000
6.000000000000000
6.500000000000000
7.000000000000000
7.500000000000000
8.000000000000000
8.500000000000000
9.000000000000000
9.500000000000000
10.000000000000000];
>> y=[0.721347520444482
0.427608756416596
0.297323490346302
0.223857568875403
0.177268311392966
0.145405894825645
0.122416502395158
0.105149103791490
0.091766621535491
0.081130803532871
0.072501563524939
0.065378455448035
0.059411871541392
0.054350763393151
0.050010556707178
0.046252749728143
0.042971538572976
0.040084812679313
0.037527948791872];
>> plot(x,y)
>> x=[1.000000000000000
1.100000000000000
1.200000000000000
1.300000000000000
1.400000000000000
1.500000000000000
1.600000000000001
1.700000000000001
1.800000000000001
1.900000000000001
2.000000000000001
2.100000000000001
2.200000000000001
2.300000000000001
2.400000000000001
2.500000000000001
2.600000000000001
2.700000000000002
2.800000000000002
2.900000000000002
3.000000000000002
3.100000000000002
3.200000000000002
3.300000000000002
3.400000000000002
3.500000000000002
3.600000000000002
3.700000000000002
3.800000000000002
3.900000000000003
4.000000000000003
4.100000000000002
4.200000000000002
4.300000000000002
4.400000000000001
4.500000000000001
4.600000000000001
4.700000000000000
4.800000000000000
4.899999999999999
4.999999999999999
5.099999999999999
5.199999999999998
5.299999999999998
5.399999999999998
5.499999999999997
5.599999999999997
5.699999999999997
5.799999999999996
5.899999999999996
5.999999999999996
6.099999999999995
6.199999999999995
6.299999999999994
6.399999999999994
6.499999999999994
6.599999999999993
6.699999999999993
6.799999999999993
6.899999999999992
6.999999999999992
7.099999999999992
7.199999999999991
7.299999999999991
7.399999999999991
7.499999999999990
7.599999999999990
7.699999999999990
7.799999999999989
7.899999999999989
7.999999999999988
8.099999999999989
8.199999999999989
8.299999999999988
8.399999999999988
8.499999999999988
8.599999999999987
8.699999999999987
8.799999999999986
8.899999999999986
8.999999999999986
9.099999999999985
9.199999999999985
9.299999999999985
9.399999999999984
9.499999999999984
9.599999999999984
9.699999999999983
9.799999999999983
9.899999999999983
9.999999999999982];
>> y=[0.721347520444482
0.641807401676134
0.576480927811378
0.521983753809298
0.475913935313416
0.436521537314190
0.402502832188192
0.372867581940803
0.346850863948482
0.323852954793847
0.303397402683587
0.285101191998227
0.268653128903674
0.253797929064342
0.240324332022334
0.228056105659885
0.216845155817111
0.206566190112855
0.197112543463157
0.188392881836172
0.180328576947944
0.172851598535668
0.165902809519680
0.159430577425975
0.153389636023817
0.147740146385160
0.142446917982753
0.137478759056240
0.132807932030912
0.128409694802934
0.124261912591869
0.120344728086785
0.116640279982753
0.113132461873685
0.109806714950019
0.106649849132467
0.103649888221567
0.100795935407481
0.098078056103978
0.095487175574767
0.093014989232608
0.090653883830124
0.088396868040318
0.086237511155813
0.084169888827765
0.082188534925433
0.080288398731327
0.078464806799295
0.076713428897619
0.075030247539202
0.073411530668781
0.071853807134679
0.070353844621815
0.068908629764591
0.067515350194316
0.066171378306672
0.064874256561383
0.063621684149168
0.062411504880958
0.061241696171564
0.060110359004967
0.059015708781411
0.057956066957861
0.056929853403331
0.055935579399289
0.054971841222968
0.054037314258155
0.053130747583924
0.052250958996988
0.051396830427991
0.050567303716075
0.049761376709748
0.048978099665218
0.048216571916271
0.047475938792264
0.046755388763099
0.046054150792056
0.045371491879177
0.044706714779498
0.044059155881899
0.043428183235631
0.042813194712744
0.042213616295716
0.041628900480506
0.041058524786132
0.040501990362630
0.039958820689960
0.039428560361054
0.038910773942773
0.038405044909057
0.037910974641026];
>> plot(x,y)
>> ezplot('(1 + 1) / ((x + 1) * (log(4) - (1 + 1) * (log(1 + 1)) + (1 + 1) * (log(x + 1))))', [1 10]);
>> grid on
>> ax = gca;
ax.XAxisLocation = 'origin';
ax.YAxisLocation = 'origin'; 